08/07/2025-10:26:09-299[0000046819]: Data Tx:02 30 30 30 30 30 30 30 30 30 74 03 3a 
08/07/2025-10:26:09-315[0000046838]: Data Rx:15 03 69 
08/07/2025-10:26:13-413[0000050934]: Data Tx:02 30 30 30 30 30 30 30 30 30 74 03 3a 
08/07/2025-10:26:13-509[0000051042]: Data Rx:15 03 69 
08/07/2025-10:26:32-847[0000070370]: Data Tx:02 30 30 30 30 30 30 30 30 30 44 30 30 30 30 30 30 31 30 30 30 30 30 30 30 30 30 30 30 30 30 30 30 30 30 30 30 30 30 30 30 30 30 30 30 30 30 30 30 30 30 30 30 30 30 30 30 30 30 30 30 30 30 30 30 30 30 30 30 30 30 30 30 30 30 30 30 30 30 30 30 30 30 30 30 30 30 30 30 30 30 30 30 30 30 30 30 30 30 30 30 30 30 30 30 30 30 30 30 30 30 30 30 30 30 30 30 30 30 30 30 03 0b 
08/07/2025-10:26:32-961[0000070486]: Data Rx:06 03 7a 
08/07/2025-10:27:14-140[0000111661]: Data Rx:02 31 30 30 30 32 39 31 32 30 44 30 30 30 30 30 30 30 31 30 30 30 30 33 37 31 38 37 31 30 33 32 30 30 30 30 30 30 30 30 30 30 30 30 30 30 30 30 30 30 30 30 30 30 30 30 30 30 30 30 30 30 30 30 30 30 30 30 30 30 30 30 30 30 30 30 30 30 30 30 30 30 30 30 30 30 30 30 30 30 30 30 30 30 30 30 30 30 30 30 30 30 30 30 30 30 30 30 30 30 30 30 30 30 30 30 30 30 30 30 30 30 30 30 30 30 30 30 30 30 30 30 30 30 30 30 30 30 30 30 30 30 30 30 30 30 30 30 30 30 30 30 30 30 30 30 30 30 30 30 30 30 30 30 30 30 30 30 30 30 30 30 30 30 30 30 30 30 30 30 30 30 30 30 30 30 30 30 30 30 30 30 30 30 30 30 30 30 30 30 30 30 30 30 30 30 30 30 30 30 30 30 30 30 30 30 30 30 30 30 30 30 30 30 30 30 30 30 30 30 30 30 30 30 30 30 30 30 30 30 30 30 30 30 30 30 30 30 30 30 30 30 03 38 
08/07/2025-10:27:14-143[0000111663]: Data Rx:31 30 30 30 32 39 31 32 30 44 30 30 30 30 30 30 30 31 30 30 30 30 33 37 31 38 37 31 30 33 32 30 30 30 30 30 30 30 30 30 30 30 30 30 30 30 30 30 30 30 30 30 30 30 30 30 30 30 30 30 30 30 30 30 30 30 30 30 30 30 30 30 30 30 30 30 30 30 30 30 30 30 30 30 30 30 30 30 30 30 30 30 30 30 30 30 30 30 30 30 30 30 30 30 30 30 30 30 30 30 30 30 30 30 30 30 30 30 30 30 30 30 30 30 30 30 30 30 30 30 30 30 30 30 30 30 30 30 30 30 30 30 30 30 30 30 30 30 30 30 30 30 30 30 30 30 30 30 30 30 30 30 30 30 30 30 30 30 30 30 30 30 30 30 30 30 30 30 30 30 30 30 30 30 30 30 30 30 30 30 30 30 30 30 30 30 30 30 30 30 30 30 30 30 30 30 30 30 30 30 30 30 30 30 30 30 30 30 30 30 30 30 30 30 30 30 30 30 30 30 30 30 30 30 30 30 30 30 30 30 30 30 30 30 30 30 30 30 30 30 30 
08/07/2025-10:27:14-148[0000111668]: Data Tx:06 03 7a 
08/07/2025-11:19:30-621[0003248148]: Data Tx:02 30 30 30 30 30 30 30 30 30 50 30 30 30 30 30 30 30 30 30 30 30 30 30 30 30 30 30 30 30 30 35 20 20 20 20 20 20 20 20 20 20 20 20 20 20 20 20 20 20 20 20 20 20 20 20 20 20 20 20 20 20 20 20 20 20 20 20 20 20 20 20 20 20 20 20 20 20 20 20 20 20 20 20 20 20 20 20 20 20 20 20 20 20 20 20 20 20 20 20 20 20 20 20 20 20 20 20 20 20 20 20 20 20 20 20 20 20 20 20 20 20 20 20 20 20 20 54 65 73 74 6f 20 63 6f 6e 74 72 61 74 74 6f 20 70 72 65 61 75 74 6f 72 69 7a 7a 61 7a 69 6f 6e 65 30 30 30 30 30 30 30 30 03 5d 
08/07/2025-11:19:30-722[0003248243]: Data Rx:06 03 7a 
08/07/2025-11:19:32-862[0003250383]: Data Rx:01 20 20 20 20 20 20 20 20 41 74 74 65 73 61 20 63 61 72 74 61 04 
08/07/2025-11:19:33-310[0003250830]: Data Rx:01 20 20 20 20 20 20 20 20 41 74 74 65 73 61 20 63 61 72 74 61 04 
08/07/2025-11:19:33-377[0003250896]: Data Rx:01 20 52 69 70 72 65 73 65 6e 74 61 20 6c 61 20 63 61 72 74 61 04 
08/07/2025-11:19:35-021[0003252540]: Data Rx:01 20 20 20 20 20 52 69 6d 75 6f 76 65 72 65 20 63 61 72 74 61 04 
08/07/2025-11:19:36-866[0003254386]: Data Rx:01 20 20 20 20 20 20 20 20 41 74 74 65 73 61 20 63 61 72 74 61 04 
08/07/2025-11:19:36-925[0003254445]: Data Rx:01 20 20 20 20 20 20 20 20 41 74 74 65 73 61 20 63 61 72 74 61 04 
08/07/2025-11:19:37-681[0003255202]: Data Rx:01 54 72 61 6e 73 61 7a 69 6f 6e 65 20 63 6f 6e 74 61 63 74 6c 04 
08/07/2025-11:19:38-825[0003256344]: Data Rx:01 20 20 20 20 20 52 69 6d 75 6f 76 65 72 65 20 63 61 72 74 61 04 
08/07/2025-11:19:40-367[0003257887]: Data Rx:01 54 72 61 6e 73 61 7a 69 6f 6e 65 20 63 6f 6e 74 61 63 74 6c 04 
08/07/2025-11:19:40-471[0003257991]: Data Rx:01 54 72 61 6e 73 61 7a 69 6f 6e 65 20 63 6f 6e 74 61 63 74 6c 04 
08/07/2025-11:19:40-693[0003258213]: Data Rx:01 54 72 61 6e 73 61 7a 69 6f 6e 65 20 63 6f 6e 74 61 63 74 6c 04 
08/07/2025-11:19:41-006[0003258525]: Data Rx:01 54 72 61 6e 73 61 7a 69 6f 6e 65 20 63 6f 6e 74 61 63 74 6c 04 
08/07/2025-11:19:41-699[0003259219]: Data Rx:01 54 72 61 6e 73 61 7a 69 6f 6e 65 20 63 6f 6e 74 61 63 74 6c 04 
08/07/2025-11:19:41-758[0003259277]: Data Rx:01 54 72 61 6e 73 61 7a 69 6f 6e 65 20 63 6f 6e 74 61 63 74 6c 04 
08/07/2025-11:19:41-907[0003259428]: Data Rx:01 54 72 61 6e 73 61 7a 69 6f 6e 65 20 65 73 65 67 75 69 74 61 04 
08/07/2025-11:19:46-112[0003263632]: Data Rx:01 54 72 61 6e 73 61 7a 69 6f 6e 65 20 65 73 65 67 75 69 74 61 04 
08/07/2025-11:19:47-353[0003264874]: Data Rx:02 31 30 30 30 32 39 31 32 30 45 30 30 30 30 30 2a 2a 2a 2a 2a 2a 2a 2a 2a 2a 2a 2a 31 30 31 37 43 4c 45 33 38 30 36 36 20 31 38 37 31 31 31 39 32 38 38 31 30 35 31 30 30 30 30 34 30 30 30 30 30 32 30 30 30 30 33 38 03 58 
08/07/2025-11:19:47-353[0003264876]: Data Rx:31 30 30 30 32 39 31 32 30 45 30 30 30 30 30 2a 2a 2a 2a 2a 2a 2a 2a 2a 2a 2a 2a 31 30 31 37 43 4c 45 33 38 30 36 36 20 31 38 37 31 31 31 39 32 38 38 31 30 35 31 30 30 30 30 34 30 30 30 30 30 32 30 30 30 30 33 38 
08/07/2025-11:19:47-360[0003264880]: Data Tx:06 03 7a 
08/07/2025-11:19:56-208[0003273729]: Data Tx:02 30 30 30 30 30 30 30 30 30 58 30 30 30 30 30 30 30 30 30 30 30 30 30 30 30 30 30 30 30 30 35 20 20 20 20 20 20 20 20 20 20 20 20 20 20 20 20 20 20 20 20 20 20 20 20 20 20 20 20 20 20 20 20 20 20 20 20 20 20 20 20 20 20 20 20 20 20 20 20 20 20 20 20 20 20 20 20 20 20 20 20 20 20 20 20 20 20 20 20 20 20 20 20 20 20 20 20 20 20 20 20 20 20 20 20 20 20 20 20 20 20 20 20 20 20 20 20 20 20 20 20 20 20 20 20 20 20 20 20 20 20 20 20 43 4f 4e 54 52 41 54 54 4f 20 23 31 32 33 34 35 30 30 30 30 30 30 30 30 03 5b 
08/07/2025-11:19:56-310[0003273830]: Data Rx:06 03 7a 
08/07/2025-11:19:57-631[0003275151]: Data Rx:01 20 20 20 20 20 20 20 20 41 74 74 65 73 61 20 63 61 72 74 61 04 
08/07/2025-11:20:01-137[0003278661]: Data Rx:01 20 20 20 20 20 20 20 20 41 74 74 65 73 61 20 63 61 72 74 61 04 
08/07/2025-11:20:01-186[0003278712]: Data Rx:01 54 72 61 6e 73 61 7a 69 6f 6e 65 20 63 6f 6e 74 61 63 74 6c 04 
08/07/2025-11:20:02-058[0003279583]: Data Rx:01 20 20 20 20 20 52 69 6d 75 6f 76 65 72 65 20 63 61 72 74 61 04 
08/07/2025-11:20:03-590[0003281111]: Data Rx:01 54 72 61 6e 73 61 7a 69 6f 6e 65 20 63 6f 6e 74 61 63 74 6c 04 
08/07/2025-11:20:03-798[0003281318]: Data Rx:01 54 72 61 6e 73 61 7a 69 6f 6e 65 20 63 6f 6e 74 61 63 74 6c 04 
08/07/2025-11:20:03-857[0003281376]: Data Rx:01 54 72 61 6e 73 61 7a 69 6f 6e 65 20 63 6f 6e 74 61 63 74 6c 04 
08/07/2025-11:20:03-905[0003281425]: Data Rx:01 54 72 61 6e 73 61 7a 69 6f 6e 65 20 63 6f 6e 74 61 63 74 6c 04 
08/07/2025-11:20:04-337[0003281857]: Data Rx:01 54 72 61 6e 73 61 7a 69 6f 6e 65 20 63 6f 6e 74 61 63 74 6c 04 
08/07/2025-11:20:04-882[0003282410]: Data Rx:01 54 72 61 6e 73 61 7a 69 6f 6e 65 20 63 6f 6e 74 61 63 74 6c 04 
08/07/2025-11:20:04-951[0003282472]: Data Rx:01 54 72 61 6e 73 61 7a 69 6f 6e 65 20 63 6f 6e 74 61 63 74 6c 04 
08/07/2025-11:20:05-031[0003282552]: Data Rx:01 54 72 61 6e 73 61 7a 69 6f 6e 65 20 65 73 65 67 75 69 74 61 04 
08/07/2025-11:20:09-033[0003286553]: Data Rx:01 54 72 61 6e 73 61 7a 69 6f 6e 65 20 65 73 65 67 75 69 74 61 04 
08/07/2025-11:20:09-981[0003287501]: Data Rx:02 31 30 30 30 32 39 31 32 30 45 30 30 30 30 30 2a 2a 2a 2a 2a 2a 2a 2a 2a 2a 2a 2a 39 39 39 33 43 4c 45 34 30 33 38 34 20 31 38 37 31 31 32 30 32 38 38 31 30 35 31 30 30 30 30 33 30 30 30 30 30 33 30 30 30 30 33 39 30 30 30 30 30 30 30 30 30 30 35 30 30 30 30 30 30 30 30 30 30 03 6d 
08/07/2025-11:20:09-983[0003287504]: Data Rx:31 30 30 30 32 39 31 32 30 45 30 30 30 30 30 2a 2a 2a 2a 2a 2a 2a 2a 2a 2a 2a 2a 39 39 39 33 43 4c 45 34 30 33 38 34 20 31 38 37 31 31 32 30 32 38 38 31 30 35 31 30 30 30 30 33 30 30 30 30 30 33 30 30 30 30 33 39 30 30 30 30 30 30 30 30 30 30 35 30 30 30 30 30 30 30 30 30 30 
08/07/2025-11:20:09-986[0003287507]: Data Tx:06 03 7a 
08/07/2025-11:21:04-462[0003341983]: Data Tx:02 30 30 30 30 30 30 30 30 30 45 31 03 3a 
08/07/2025-11:21:04-472[0003341992]: Data Rx:06 03 7a 
08/07/2025-11:21:04-475[0003341995]: Data Tx:02 30 30 30 30 30 30 30 30 30 58 30 30 30 30 30 30 30 30 30 30 30 30 30 30 30 30 30 30 30 30 35 20 20 20 20 20 20 20 20 20 20 20 20 20 20 20 20 20 20 20 20 20 20 20 20 20 20 20 20 20 20 20 20 20 20 20 20 20 20 20 20 20 20 20 20 20 20 20 20 20 20 20 20 20 20 20 20 20 20 20 20 20 20 20 20 20 20 20 20 20 20 20 20 20 20 20 20 20 20 20 20 20 20 20 20 20 20 20 20 20 20 20 20 20 20 20 20 20 20 20 20 20 20 20 20 20 20 20 20 20 20 20 20 43 4f 4e 54 52 41 54 54 4f 20 23 31 32 33 34 35 30 30 30 30 30 30 30 30 03 5b 
08/07/2025-11:21:04-634[0003342154]: Data Rx:06 03 7a 
08/07/2025-11:21:05-869[0003343389]: Data Rx:01 20 20 20 20 20 20 20 20 41 74 74 65 73 61 20 63 61 72 74 61 04 
08/07/2025-11:21:07-631[0003345150]: Data Rx:01 20 20 20 20 20 20 20 20 41 74 74 65 73 61 20 63 61 72 74 61 04 
08/07/2025-11:21:07-679[0003345204]: Data Rx:01 20 52 69 70 72 65 73 65 6e 74 61 20 6c 61 20 63 61 72 74 61 04 
08/07/2025-11:21:09-181[0003346701]: Data Rx:01 20 20 20 20 20 52 69 6d 75 6f 76 65 72 65 20 63 61 72 74 61 04 
08/07/2025-11:21:10-004[0003347524]: Data Rx:01 20 20 20 20 20 20 20 20 41 74 74 65 73 61 20 63 61 72 74 61 04 
08/07/2025-11:21:10-084[0003347604]: Data Rx:01 20 20 20 20 20 20 20 20 41 74 74 65 73 61 20 63 61 72 74 61 04 
08/07/2025-11:21:11-573[0003349097]: Data Rx:01 20 20 20 20 20 20 20 20 41 74 74 65 73 61 20 63 61 72 74 61 04 
08/07/2025-11:21:11-631[0003349158]: Data Rx:01 20 52 69 70 72 65 73 65 6e 74 61 20 6c 61 20 63 61 72 74 61 04 
08/07/2025-11:21:13-134[0003350654]: Data Rx:01 20 20 20 20 20 52 69 6d 75 6f 76 65 72 65 20 63 61 72 74 61 04 
08/07/2025-11:21:14-944[0003352464]: Data Rx:01 20 20 20 20 20 20 20 20 41 74 74 65 73 61 20 63 61 72 74 61 04 
08/07/2025-11:21:14-995[0003352515]: Data Rx:01 20 20 20 20 20 20 20 20 41 74 74 65 73 61 20 63 61 72 74 61 04 
08/07/2025-11:21:16-456[0003353976]: Data Rx:01 20 20 20 20 20 20 20 20 41 74 74 65 73 61 20 63 61 72 74 61 04 
08/07/2025-11:21:16-557[0003354077]: Data Rx:01 20 52 69 70 72 65 73 65 6e 74 61 20 6c 61 20 63 61 72 74 61 04 
08/07/2025-11:21:17-960[0003355480]: Data Rx:01 20 20 20 20 20 52 69 6d 75 6f 76 65 72 65 20 63 61 72 74 61 04 
08/07/2025-11:21:19-343[0003356864]: Data Rx:01 20 20 20 20 20 20 20 20 41 74 74 65 73 61 20 63 61 72 74 61 04 
08/07/2025-11:21:19-397[0003356917]: Data Rx:01 20 20 20 20 20 20 20 20 41 74 74 65 73 61 20 63 61 72 74 61 04 
08/07/2025-11:21:20-159[0003357679]: Data Rx:01 54 72 61 6e 73 61 7a 69 6f 6e 65 20 63 6f 6e 74 61 63 74 6c 04 
08/07/2025-11:21:21-185[0003358705]: Data Rx:01 20 20 20 20 20 52 69 6d 75 6f 76 65 72 65 20 63 61 72 74 61 04 
08/07/2025-11:21:22-727[0003360247]: Data Rx:01 54 72 61 6e 73 61 7a 69 6f 6e 65 20 63 6f 6e 74 61 63 74 6c 04 
08/07/2025-11:21:22-850[0003360369]: Data Rx:01 54 72 61 6e 73 61 7a 69 6f 6e 65 20 63 6f 6e 74 61 63 74 6c 04 
08/07/2025-11:21:22-932[0003360453]: Data Rx:01 54 72 61 6e 73 61 7a 69 6f 6e 65 20 63 6f 6e 74 61 63 74 6c 04 
08/07/2025-11:21:23-101[0003360620]: Data Rx:01 54 72 61 6e 73 61 7a 69 6f 6e 65 20 63 6f 6e 74 61 63 74 6c 04 
08/07/2025-11:21:23-447[0003360967]: Data Rx:01 54 72 61 6e 73 61 7a 69 6f 6e 65 20 63 6f 6e 74 61 63 74 6c 04 
08/07/2025-11:21:24-013[0003361533]: Data Rx:01 54 72 61 6e 73 61 7a 69 6f 6e 65 20 63 6f 6e 74 61 63 74 6c 04 
08/07/2025-11:21:24-060[0003361580]: Data Rx:01 54 72 61 6e 73 61 7a 69 6f 6e 65 20 63 6f 6e 74 61 63 74 6c 04 
08/07/2025-11:21:24-140[0003361660]: Data Rx:01 54 72 61 6e 73 61 7a 69 6f 6e 65 20 65 73 65 67 75 69 74 61 04 
08/07/2025-11:21:29-501[0003367022]: Data Rx:01 54 72 61 6e 73 61 7a 69 6f 6e 65 20 65 73 65 67 75 69 74 61 04 
08/07/2025-11:21:30-745[0003368265]: Data Rx:02 31 30 30 30 32 39 31 32 30 45 30 30 30 30 30 2a 2a 2a 2a 2a 2a 2a 2a 2a 2a 2a 2a 31 30 31 37 43 4c 45 34 38 32 39 34 20 31 38 37 31 31 32 31 32 38 38 31 30 35 31 30 30 30 30 34 30 30 30 30 30 34 30 30 30 30 34 30 30 30 30 30 30 30 30 30 30 30 35 30 30 30 30 30 30 30 30 30 30 03 67 
08/07/2025-11:21:30-749[0003368269]: Data Rx:31 30 30 30 32 39 31 32 30 45 30 30 30 30 30 2a 2a 2a 2a 2a 2a 2a 2a 2a 2a 2a 2a 31 30 31 37 43 4c 45 34 38 32 39 34 20 31 38 37 31 31 32 31 32 38 38 31 30 35 31 30 30 30 30 34 30 30 30 30 30 34 30 30 30 30 34 30 30 30 30 30 30 30 30 30 30 30 35 30 30 30 30 30 30 30 30 30 30 
08/07/2025-11:21:30-752[0003368272]: Data Tx:06 03 7a 
08/07/2025-11:21:30-869[0003368389]: Data Rx:02 31 30 30 30 32 39 31 32 30 53 7d 20 20 20 20 20 20 20 4d 41 53 54 45 52 43 41 52 44 20 20 20 20 20 20 20 7d 20 20 20 20 20 20 20 20 20 4d 43 43 48 49 50 20 20 20 20 20 20 20 20 20 7e 20 20 20 20 20 20 20 20 50 41 47 41 4d 45 4e 54 4f 20 20 20 20 20 20 20 7d 20 20 20 20 20 20 20 54 48 41 4e 4b 20 59 4f 55 20 20 20 20 20 20 20 20 7d 20 20 20 20 20 20 20 57 4f 52 4c 44 4c 49 4e 45 20 20 20 20 20 20 20 20 7d 20 20 20 20 20 20 20 20 20 20 20 20 20 20 20 20 20 20 20 20 20 20 20 20 7d 45 73 65 72 63 2e 20 20 20 32 39 31 32 32 39 31 32 20 20 20 20 20 20 20 7d 41 2e 49 2e 49 2e 43 2e 20 20 20 20 20 38 38 31 30 35 31 30 30 30 30 34 03 61 
08/07/2025-11:21:30-872[0003368392]: Data Rx:31 30 30 30 32 39 31 32 30 53 7d 20 20 20 20 20 20 20 4d 41 53 54 45 52 43 41 52 44 20 20 20 20 20 20 20 7d 20 20 20 20 20 20 20 20 20 4d 43 43 48 49 50 20 20 20 20 20 20 20 20 20 7e 20 20 20 20 20 20 20 20 50 41 47 41 4d 45 4e 54 4f 20 20 20 20 20 20 20 7d 20 20 20 20 20 20 20 54 48 41 4e 4b 20 59 4f 55 20 20 20 20 20 20 20 20 7d 20 20 20 20 20 20 20 57 4f 52 4c 44 4c 49 4e 45 20 20 20 20 20 20 20 20 7d 20 20 20 20 20 20 20 20 20 20 20 20 20 20 20 20 20 20 20 20 20 20 20 20 7d 45 73 65 72 63 2e 20 20 20 32 39 31 32 32 39 31 32 20 20 20 20 20 20 20 7d 41 2e 49 2e 49 2e 43 2e 20 20 20 20 20 38 38 31 30 35 31 30 30 30 30 34 
08/07/2025-11:21:30-875[0003368395]: Data Tx:06 03 7a 
08/07/2025-11:21:31-051[0003368572]: Data Rx:02 31 30 30 30 32 39 31 32 30 53 7d 44 61 74 61 20 30 38 2f 30 37 2f 32 35 20 20 4f 72 61 20 31 31 3a 32 31 7d 54 4d 4c 20 31 30 30 30 32 39 31 32 20 53 54 41 4e 20 30 30 30 30 30 34 7d 4d 6f 64 2e 20 4f 6e 6c 69 6e 65 20 20 20 20 20 43 54 4c 53 20 49 43 43 7d 41 55 54 2e 20 34 38 32 39 34 20 20 4f 50 45 52 2e 20 30 30 30 30 34 30 7d 41 55 54 48 2e 52 45 53 50 2e 43 4f 44 45 20 20 20 20 20 20 20 20 30 30 7d 50 41 4e 20 20 20 20 20 2a 2a 2a 2a 2a 2a 2a 2a 2a 2a 2a 2a 31 30 31 37 7d 53 43 41 44 20 20 20 20 20 20 20 20 20 20 20 20 20 20 20 20 2a 2a 2a 2a 7d 41 2e 49 44 20 20 20 20 20 20 41 30 30 30 30 30 30 30 30 34 31 30 31 30 03 0b 
08/07/2025-11:21:31-054[0003368574]: Data Rx:31 30 30 30 32 39 31 32 30 53 7d 44 61 74 61 20 30 38 2f 30 37 2f 32 35 20 20 4f 72 61 20 31 31 3a 32 31 7d 54 4d 4c 20 31 30 30 30 32 39 31 32 20 53 54 41 4e 20 30 30 30 30 30 34 7d 4d 6f 64 2e 20 4f 6e 6c 69 6e 65 20 20 20 20 20 43 54 4c 53 20 49 43 43 7d 41 55 54 2e 20 34 38 32 39 34 20 20 4f 50 45 52 2e 20 30 30 30 30 34 30 7d 41 55 54 48 2e 52 45 53 50 2e 43 4f 44 45 20 20 20 20 20 20 20 20 30 30 7d 50 41 4e 20 20 20 20 20 2a 2a 2a 2a 2a 2a 2a 2a 2a 2a 2a 2a 31 30 31 37 7d 53 43 41 44 20 20 20 20 20 20 20 20 20 20 20 20 20 20 20 20 2a 2a 2a 2a 7d 41 2e 49 44 20 20 20 20 20 20 41 30 30 30 30 30 30 30 30 34 31 30 31 30 
08/07/2025-11:21:31-057[0003368577]: Data Tx:06 03 7a 
08/07/2025-11:21:31-190[0003368710]: Data Rx:02 31 30 30 30 32 39 31 32 30 53 7d 41 50 50 4c 20 20 20 20 20 20 20 20 20 20 20 20 4d 43 20 44 45 42 49 54 7d 41 54 43 20 30 30 42 37 20 20 54 43 43 20 33 38 30 20 20 54 54 20 30 30 7d 54 72 43 43 20 39 37 38 20 20 20 20 20 55 4e 20 37 41 46 42 32 44 42 35 7d 54 56 52 20 20 20 20 20 20 20 20 20 20 20 30 30 30 30 30 30 38 30 30 31 7d 41 52 51 43 20 20 20 20 34 41 37 45 31 43 38 35 37 41 31 46 39 30 38 36 7d 49 41 44 20 20 30 31 31 30 41 30 34 32 30 33 41 34 30 30 30 30 30 30 30 7d 20 20 20 20 20 30 30 30 30 30 30 30 30 30 30 30 30 33 30 30 46 46 30 30 7d 20 20 20 20 20 20 20 20 20 20 30 30 30 30 30 30 30 30 30 33 30 30 46 46 03 36 
08/07/2025-11:21:31-193[0003368713]: Data Rx:31 30 30 30 32 39 31 32 30 53 7d 41 50 50 4c 20 20 20 20 20 20 20 20 20 20 20 20 4d 43 20 44 45 42 49 54 7d 41 54 43 20 30 30 42 37 20 20 54 43 43 20 33 38 30 20 20 54 54 20 30 30 7d 54 72 43 43 20 39 37 38 20 20 20 20 20 55 4e 20 37 41 46 42 32 44 42 35 7d 54 56 52 20 20 20 20 20 20 20 20 20 20 20 30 30 30 30 30 30 38 30 30 31 7d 41 52 51 43 20 20 20 20 34 41 37 45 31 43 38 35 37 41 31 46 39 30 38 36 7d 49 41 44 20 20 30 31 31 30 41 30 34 32 30 33 41 34 30 30 30 30 30 30 30 7d 20 20 20 20 20 30 30 30 30 30 30 30 30 30 30 30 30 33 30 30 46 46 30 30 7d 20 20 20 20 20 20 20 20 20 20 30 30 30 30 30 30 30 30 30 33 30 30 46 46 
08/07/2025-11:21:31-196[0003368716]: Data Tx:06 03 7a 
08/07/2025-11:21:31-360[0003368880]: Data Rx:02 31 30 30 30 32 39 31 32 30 53 7d 43 56 4d 20 4e 6f 20 43 56 4d 20 20 20 20 20 20 20 20 20 20 20 20 20 20 7d 20 20 20 20 20 20 20 20 20 20 20 20 20 20 20 20 20 20 20 20 20 20 20 20 7e 49 4d 50 4f 52 54 4f 20 45 55 52 20 20 20 20 20 20 20 20 20 30 2c 30 35 7d 20 20 20 20 20 20 20 20 20 20 20 20 20 20 20 20 20 20 20 20 20 20 20 20 7d 20 20 54 52 41 4e 53 41 43 54 49 4f 4e 20 41 50 50 52 4f 56 45 44 20 20 7d 20 20 20 20 20 20 20 20 20 20 20 20 20 20 20 20 20 20 20 20 20 20 20 20 7d 20 20 41 52 52 49 56 45 44 45 52 43 49 20 45 20 47 52 41 5a 49 45 20 20 7d 20 20 20 20 20 20 20 20 20 20 20 20 20 20 20 20 20 20 20 20 20 20 20 20 03 55 
08/07/2025-11:21:31-361[0003368882]: Data Rx:31 30 30 30 32 39 31 32 30 53 7d 43 56 4d 20 4e 6f 20 43 56 4d 20 20 20 20 20 20 20 20 20 20 20 20 20 20 7d 20 20 20 20 20 20 20 20 20 20 20 20 20 20 20 20 20 20 20 20 20 20 20 20 7e 49 4d 50 4f 52 54 4f 20 45 55 52 20 20 20 20 20 20 20 20 20 30 2c 30 35 7d 20 20 20 20 20 20 20 20 20 20 20 20 20 20 20 20 20 20 20 20 20 20 20 20 7d 20 20 54 52 41 4e 53 41 43 54 49 4f 4e 20 41 50 50 52 4f 56 45 44 20 20 7d 20 20 20 20 20 20 20 20 20 20 20 20 20 20 20 20 20 20 20 20 20 20 20 20 7d 20 20 41 52 52 49 56 45 44 45 52 43 49 20 45 20 47 52 41 5a 49 45 20 20 7d 20 20 20 20 20 20 20 20 20 20 20 20 20 20 20 20 20 20 20 20 20 20 20 20 
08/07/2025-11:21:31-364[0003368884]: Data Tx:06 03 7a 
08/07/2025-11:21:31-566[0003369086]: Data Rx:02 31 30 30 30 32 39 31 32 30 53 7d 20 20 20 20 20 20 20 20 20 20 20 20 20 20 20 20 20 20 20 20 20 20 20 20 7d 20 20 20 20 20 20 20 20 20 20 20 20 20 20 20 20 20 20 20 20 20 20 20 20 7d 20 20 20 20 20 20 20 20 20 20 20 20 20 20 20 20 20 20 20 20 20 20 20 20 7d 20 20 20 20 20 20 20 20 20 20 20 20 20 20 20 20 20 20 20 20 20 20 20 20 7d 20 20 20 20 20 20 20 20 20 20 20 20 20 20 20 20 20 20 20 20 20 20 20 20 7d 20 20 20 20 20 20 20 20 20 20 20 20 20 20 20 20 20 20 20 20 20 20 20 20 1b 03 0f 
08/07/2025-11:21:31-568[0003369088]: Data Rx:31 30 30 30 32 39 31 32 30 53 7d 20 20 20 20 20 20 20 20 20 20 20 20 20 20 20 20 20 20 20 20 20 20 20 20 7d 20 20 20 20 20 20 20 20 20 20 20 20 20 20 20 20 20 20 20 20 20 20 20 20 7d 20 20 20 20 20 20 20 20 20 20 20 20 20 20 20 20 20 20 20 20 20 20 20 20 7d 20 20 20 20 20 20 20 20 20 20 20 20 20 20 20 20 20 20 20 20 20 20 20 20 7d 20 20 20 20 20 20 20 20 20 20 20 20 20 20 20 20 20 20 20 20 20 20 20 20 7d 20 20 20 20 20 20 20 20 20 20 20 20 20 20 20 20 20 20 20 20 20 20 20 20 1b 
08/07/2025-11:21:31-571[0003369091]: Data Tx:06 03 7a 
08/07/2025-11:25:33-386[0003610906]: Data Tx:02 30 30 30 30 30 30 30 30 30 73 03 3d 
08/07/2025-11:25:33-475[0003610995]: Data Rx:06 03 7a 
08/07/2025-11:25:34-027[0003611547]: Data Rx:02 31 30 30 30 32 39 31 32 30 73 30 30 30 30 30 30 30 30 30 30 30 38 30 37 32 35 31 31 32 35 4f 50 45 52 41 54 49 56 45 30 31 2e 30 30 2e 31 34 5f 42 32 38 30 37 5f 32 38 30 37 03 3a 
08/07/2025-11:25:34-031[0003611550]: Data Rx:31 30 30 30 32 39 31 32 30 73 30 30 30 30 30 30 30 30 30 30 30 38 30 37 32 35 31 31 32 35 4f 50 45 52 41 54 49 56 45 30 31 2e 30 30 2e 31 34 5f 42 32 38 30 37 5f 32 38 30 37 
08/07/2025-11:25:34-034[0003611554]: Data Tx:06 03 7a 
08/07/2025-12:26:09-959[0007247479]: Data Tx:02 30 30 30 30 30 30 30 30 30 50 30 30 30 30 30 30 30 30 30 30 30 30 30 30 30 30 30 30 30 30 35 20 20 20 20 20 20 20 20 20 20 20 20 20 20 20 20 20 20 20 20 20 20 20 20 20 20 20 20 20 20 20 20 20 20 20 20 20 20 20 20 20 20 20 20 20 20 20 20 20 20 20 20 20 20 20 20 20 20 20 20 20 20 20 20 20 20 20 20 20 20 20 20 20 20 20 20 20 20 20 20 20 20 20 20 20 20 20 20 20 20 20 20 20 20 20 54 65 73 74 6f 20 63 6f 6e 74 72 61 74 74 6f 20 70 72 65 61 75 74 6f 72 69 7a 7a 61 7a 69 6f 6e 65 30 30 30 30 30 30 30 30 03 5d 
08/07/2025-12:26:10-290[0007247809]: Data Rx:06 03 7a 
08/07/2025-12:26:10-705[0007248226]: Data Rx:01 4f 50 45 52 41 5a 49 4f 4e 45 20 49 4e 20 43 4f 52 53 4f 20 04 
08/07/2025-12:26:23-866[0007261385]: Data Rx:02 31 30 30 30 32 39 31 32 30 45 30 30 30 30 30 34 33 38 37 34 36 2a 2a 2a 2a 2a 2a 39 39 39 33 43 4c 49 33 37 37 30 38 20 31 38 39 31 32 32 36 32 38 38 31 30 35 31 30 30 30 30 33 30 30 30 30 30 32 30 30 30 30 33 38 30 30 30 03 65 
08/07/2025-12:26:23-868[0007261388]: Data Rx:31 30 30 30 32 39 31 32 30 45 30 30 30 30 30 34 33 38 37 34 36 2a 2a 2a 2a 2a 2a 39 39 39 33 43 4c 49 33 37 37 30 38 20 31 38 39 31 32 32 36 32 38 38 31 30 35 31 30 30 30 30 33 30 30 30 30 30 32 30 30 30 30 33 38 30 30 30 
08/07/2025-12:26:23-872[0007261391]: Data Tx:06 03 7a 
08/07/2025-12:28:42-444[0007399964]: Data Tx:02 30 30 30 30 30 30 30 30 30 45 31 03 3a 
08/07/2025-12:28:42-669[0007400189]: Data Rx:06 03 7a 
08/07/2025-12:28:42-674[0007400194]: Data Tx:02 30 30 30 30 30 30 30 30 30 58 30 30 30 30 30 30 30 30 30 30 30 30 30 30 30 30 30 30 30 30 35 20 20 20 20 20 20 20 20 20 20 20 20 20 20 20 20 20 20 20 20 20 20 20 20 20 20 20 20 20 20 20 20 20 20 20 20 20 20 20 20 20 20 20 20 20 20 20 20 20 20 20 20 20 20 20 20 20 20 20 20 20 20 20 20 20 20 20 20 20 20 20 20 20 20 20 20 20 20 20 20 20 20 20 20 20 20 20 20 20 20 20 20 20 20 20 20 20 20 20 20 20 20 20 20 20 20 20 20 20 20 20 20 43 4f 4e 54 52 41 54 54 4f 20 23 31 32 33 34 35 30 30 30 30 30 30 30 30 03 5b 
08/07/2025-12:28:42-760[0007400292]: Data Rx:06 03 7a 
08/07/2025-12:28:43-067[0007400598]: Data Rx:01 4f 50 45 52 41 5a 49 4f 4e 45 20 49 4e 20 43 4f 52 53 4f 20 04 
08/07/2025-12:28:53-050[0007410570]: Data Rx:02 31 30 30 30 32 39 31 32 30 45 30 30 30 30 30 34 33 38 37 34 36 2a 2a 2a 2a 2a 2a 39 39 39 33 43 4c 49 35 32 36 35 38 20 31 38 39 31 32 32 38 32 38 38 31 30 35 31 30 30 30 30 33 30 30 30 30 30 33 30 30 30 30 33 39 30 30 30 30 30 30 30 30 30 30 35 30 30 30 30 30 30 30 30 30 30 03 69 
08/07/2025-12:28:53-053[0007410573]: Data Rx:31 30 30 30 32 39 31 32 30 45 30 30 30 30 30 34 33 38 37 34 36 2a 2a 2a 2a 2a 2a 39 39 39 33 43 4c 49 35 32 36 35 38 20 31 38 39 31 32 32 38 32 38 38 31 30 35 31 30 30 30 30 33 30 30 30 30 30 33 30 30 30 30 33 39 30 30 30 30 30 30 30 30 30 30 35 30 30 30 30 30 30 30 30 30 30 
08/07/2025-12:28:53-056[0007410576]: Data Tx:06 03 7a 
08/07/2025-12:28:53-062[0007410582]: Data Rx:02 31 30 30 30 32 39 31 32 30 53 20 20 20 20 20 20 20 20 20 20 56 49 53 41 20 20 20 20 20 20 20 20 20 20 20 20 20 20 20 20 20 20 20 20 56 49 53 41 20 20 20 20 20 20 20 20 20 20 7f 20 20 20 20 20 20 20 20 41 43 51 55 49 53 54 4f 20 20 20 20 20 20 20 20 20 20 20 20 20 20 20 54 48 41 4e 4b 20 59 4f 55 20 20 20 20 20 20 20 20 20 20 20 20 20 20 20 57 4f 52 4c 44 4c 49 4e 45 20 20 20 20 20 20 20 20 20 20 20 20 20 20 20 20 20 20 20 20 20 20 20 20 20 20 20 20 20 20 20 20 45 73 65 72 63 2e 20 20 20 20 20 20 20 20 20 20 32 39 31 32 32 39 31 32 41 2e 49 2e 49 2e 43 2e 20 20 20 20 20 38 38 31 30 35 31 30 30 30 30 33 44 61 74 61 20 30 38 03 7b 
08/07/2025-12:28:53-064[0007410584]: Data Rx:31 30 30 30 32 39 31 32 30 53 20 20 20 20 20 20 20 20 20 20 56 49 53 41 20 20 20 20 20 20 20 20 20 20 20 20 20 20 20 20 20 20 20 20 56 49 53 41 20 20 20 20 20 20 20 20 20 20 7f 20 20 20 20 20 20 20 20 41 43 51 55 49 53 54 4f 20 20 20 20 20 20 20 20 20 20 20 20 20 20 20 54 48 41 4e 4b 20 59 4f 55 20 20 20 20 20 20 20 20 20 20 20 20 20 20 20 57 4f 52 4c 44 4c 49 4e 45 20 20 20 20 20 20 20 20 20 20 20 20 20 20 20 20 20 20 20 20 20 20 20 20 20 20 20 20 20 20 20 20 45 73 65 72 63 2e 20 20 20 20 20 20 20 20 20 20 32 39 31 32 32 39 31 32 41 2e 49 2e 49 2e 43 2e 20 20 20 20 20 38 38 31 30 35 31 30 30 30 30 33 44 61 74 61 20 30 38 
08/07/2025-12:28:53-068[0007410587]: Data Tx:06 03 7a 
08/07/2025-12:28:53-072[0007410593]: Data Rx:02 31 30 30 30 32 39 31 32 30 53 2f 30 37 2f 32 35 20 20 4f 72 61 20 31 32 3a 32 38 54 4d 4c 20 31 30 30 30 32 39 31 32 20 53 54 41 4e 20 30 30 30 30 30 33 4d 6f 64 2e 20 4f 6e 6c 69 6e 65 20 20 20 20 20 43 54 4c 53 20 49 43 43 41 55 54 2e 20 35 32 36 35 38 20 20 4f 50 45 52 2e 20 30 30 30 30 33 39 41 55 54 48 2e 52 45 53 50 2e 43 4f 44 45 20 20 20 20 20 20 20 20 30 30 56 49 53 41 20 43 4f 4e 54 41 43 54 4c 45 53 53 20 20 20 20 20 20 20 20 50 41 4e 20 20 20 20 20 34 33 38 37 34 36 2a 2a 2a 2a 2a 2a 39 39 39 33 53 43 41 44 20 20 20 20 20 20 20 20 20 20 20 20 20 20 20 20 2a 2a 2a 2a 41 2e 49 44 20 20 20 20 20 20 41 30 30 30 30 03 48 
08/07/2025-12:28:53-075[0007410595]: Data Rx:31 30 30 30 32 39 31 32 30 53 2f 30 37 2f 32 35 20 20 4f 72 61 20 31 32 3a 32 38 54 4d 4c 20 31 30 30 30 32 39 31 32 20 53 54 41 4e 20 30 30 30 30 30 33 4d 6f 64 2e 20 4f 6e 6c 69 6e 65 20 20 20 20 20 43 54 4c 53 20 49 43 43 41 55 54 2e 20 35 32 36 35 38 20 20 4f 50 45 52 2e 20 30 30 30 30 33 39 41 55 54 48 2e 52 45 53 50 2e 43 4f 44 45 20 20 20 20 20 20 20 20 30 30 56 49 53 41 20 43 4f 4e 54 41 43 54 4c 45 53 53 20 20 20 20 20 20 20 20 50 41 4e 20 20 20 20 20 34 33 38 37 34 36 2a 2a 2a 2a 2a 2a 39 39 39 33 53 43 41 44 20 20 20 20 20 20 20 20 20 20 20 20 20 20 20 20 2a 2a 2a 2a 41 2e 49 44 20 20 20 20 20 20 41 30 30 30 30 
08/07/2025-12:28:53-078[0007410597]: Data Tx:06 03 7a 
08/07/2025-12:28:53-082[0007410602]: Data Rx:02 31 30 30 30 32 39 31 32 30 53 30 30 30 30 33 31 30 31 30 41 50 50 4c 20 20 20 20 20 20 20 20 20 56 49 53 41 20 43 52 45 44 49 54 41 54 43 20 30 33 44 44 20 20 54 43 43 20 33 38 30 20 20 54 54 20 30 30 54 72 43 43 20 39 37 38 20 20 20 20 20 55 4e 20 45 30 31 41 30 43 30 30 54 56 52 20 20 20 20 20 20 20 20 20 20 20 30 30 30 30 30 30 30 30 30 30 41 52 51 43 20 20 20 20 41 32 33 42 42 31 46 38 41 39 45 44 38 33 34 31 49 41 44 20 20 20 20 20 20 20 30 36 30 31 30 41 30 33 41 30 30 30 30 30 43 56 4d 20 4e 6f 20 43 56 4d 20 20 20 20 20 20 20 20 20 20 20 20 20 20 20 20 20 20 20 20 20 20 20 20 20 20 20 20 20 20 20 20 20 20 20 20 20 03 0d 
08/07/2025-12:28:53-083[0007410604]: Data Rx:31 30 30 30 32 39 31 32 30 53 30 30 30 30 33 31 30 31 30 41 50 50 4c 20 20 20 20 20 20 20 20 20 56 49 53 41 20 43 52 45 44 49 54 41 54 43 20 30 33 44 44 20 20 54 43 43 20 33 38 30 20 20 54 54 20 30 30 54 72 43 43 20 39 37 38 20 20 20 20 20 55 4e 20 45 30 31 41 30 43 30 30 54 56 52 20 20 20 20 20 20 20 20 20 20 20 30 30 30 30 30 30 30 30 30 30 41 52 51 43 20 20 20 20 41 32 33 42 42 31 46 38 41 39 45 44 38 33 34 31 49 41 44 20 20 20 20 20 20 20 30 36 30 31 30 41 30 33 41 30 30 30 30 30 43 56 4d 20 4e 6f 20 43 56 4d 20 20 20 20 20 20 20 20 20 20 20 20 20 20 20 20 20 20 20 20 20 20 20 20 20 20 20 20 20 20 20 20 20 20 20 20 20 
08/07/2025-12:28:53-087[0007410606]: Data Tx:06 03 7a 
08/07/2025-12:28:53-091[0007410611]: Data Rx:02 31 30 30 30 32 39 31 32 30 53 20 7f 49 4d 50 4f 52 54 4f 20 45 55 52 20 20 20 20 20 20 20 20 20 30 2c 30 35 20 20 20 20 20 20 20 20 20 20 20 20 20 20 20 20 20 20 20 20 20 20 20 20 20 20 54 52 41 4e 53 41 43 54 49 4f 4e 20 41 50 50 52 4f 56 45 44 20 20 20 20 20 20 20 20 20 20 20 20 20 20 20 20 20 20 20 20 20 20 20 20 20 20 20 20 41 52 52 49 56 45 44 45 52 43 49 20 45 20 47 52 41 5a 49 45 20 20 43 4f 4e 54 52 41 54 54 4f 20 23 31 32 33 34 35 20 20 20 20 20 20 20 20 7d 7d 1b 03 4b 
08/07/2025-12:28:53-093[0007410613]: Data Rx:31 30 30 30 32 39 31 32 30 53 20 7f 49 4d 50 4f 52 54 4f 20 45 55 52 20 20 20 20 20 20 20 20 20 30 2c 30 35 20 20 20 20 20 20 20 20 20 20 20 20 20 20 20 20 20 20 20 20 20 20 20 20 20 20 54 52 41 4e 53 41 43 54 49 4f 4e 20 41 50 50 52 4f 56 45 44 20 20 20 20 20 20 20 20 20 20 20 20 20 20 20 20 20 20 20 20 20 20 20 20 20 20 20 20 41 52 52 49 56 45 44 45 52 43 49 20 45 20 47 52 41 5a 49 45 20 20 43 4f 4e 54 52 41 54 54 4f 20 23 31 32 33 34 35 20 20 20 20 20 20 20 20 7d 7d 1b 
08/07/2025-12:28:53-096[0007410616]: Data Tx:06 03 7a 
08/07/2025-12:32:37-906[0007635427]: Data Tx:02 30 30 30 30 30 30 30 30 30 45 31 03 3a 
08/07/2025-12:32:38-087[0007635607]: Data Rx:06 03 7a 
08/07/2025-12:32:38-093[0007635613]: Data Tx:02 30 30 30 30 30 30 30 30 30 58 30 30 30 30 30 30 30 30 30 30 30 30 30 30 30 30 30 30 30 30 35 20 20 20 20 20 20 20 20 20 20 20 20 20 20 20 20 20 20 20 20 20 20 20 20 20 20 20 20 20 20 20 20 20 20 20 20 20 20 20 20 20 20 20 20 20 20 20 20 20 20 20 20 20 20 20 20 20 20 20 20 20 20 20 20 20 20 20 20 20 20 20 20 20 20 20 20 20 20 20 20 20 20 20 20 20 20 20 20 20 20 20 20 20 20 20 20 20 20 20 20 20 20 20 20 20 20 20 20 20 20 20 20 43 4f 4e 54 52 41 54 54 4f 20 23 31 32 33 34 35 30 30 30 30 30 30 30 30 03 5b 
08/07/2025-12:32:38-293[0007635813]: Data Rx:06 03 7a 
08/07/2025-12:32:38-563[0007636083]: Data Rx:01 4f 50 45 52 41 5a 49 4f 4e 45 20 49 4e 20 43 4f 52 53 4f 20 04 
08/07/2025-12:32:52-032[0007649552]: Data Rx:02 31 30 30 30 32 39 31 32 30 45 30 30 30 30 30 35 31 38 36 31 39 2a 2a 2a 2a 2a 2a 31 30 31 37 43 4c 49 37 36 35 34 37 20 31 38 39 31 32 33 32 32 38 38 31 30 35 31 30 30 30 30 34 30 30 30 30 30 34 30 30 30 30 34 30 30 30 30 30 30 30 30 30 30 30 35 30 30 30 30 30 30 30 30 30 30 03 62 
08/07/2025-12:32:52-035[0007649555]: Data Rx:31 30 30 30 32 39 31 32 30 45 30 30 30 30 30 35 31 38 36 31 39 2a 2a 2a 2a 2a 2a 31 30 31 37 43 4c 49 37 36 35 34 37 20 31 38 39 31 32 33 32 32 38 38 31 30 35 31 30 30 30 30 34 30 30 30 30 30 34 30 30 30 30 34 30 30 30 30 30 30 30 30 30 30 30 35 30 30 30 30 30 30 30 30 30 30 
08/07/2025-12:32:52-039[0007649559]: Data Tx:06 03 7a 
08/07/2025-12:32:52-045[0007649565]: Data Rx:02 31 30 30 30 32 39 31 32 30 53 20 20 20 20 20 20 20 4d 41 53 54 45 52 43 41 52 44 20 20 20 20 20 20 20 20 20 20 20 20 20 20 20 20 4d 43 43 48 49 50 20 20 20 20 20 20 20 20 20 7f 20 20 20 20 20 20 20 20 41 43 51 55 49 53 54 4f 20 20 20 20 20 20 20 20 20 20 20 20 20 20 20 54 48 41 4e 4b 20 59 4f 55 20 20 20 20 20 20 20 20 20 20 20 20 20 20 20 57 4f 52 4c 44 4c 49 4e 45 20 20 20 20 20 20 20 20 20 20 20 20 20 20 20 20 20 20 20 20 20 20 20 20 20 20 20 20 20 20 20 20 45 73 65 72 63 2e 20 20 20 20 20 20 20 20 20 20 32 39 31 32 32 39 31 32 41 2e 49 2e 49 2e 43 2e 20 20 20 20 20 38 38 31 30 35 31 30 30 30 30 34 44 61 74 61 20 30 38 03 68 
08/07/2025-12:32:52-047[0007649567]: Data Rx:31 30 30 30 32 39 31 32 30 53 20 20 20 20 20 20 20 4d 41 53 54 45 52 43 41 52 44 20 20 20 20 20 20 20 20 20 20 20 20 20 20 20 20 4d 43 43 48 49 50 20 20 20 20 20 20 20 20 20 7f 20 20 20 20 20 20 20 20 41 43 51 55 49 53 54 4f 20 20 20 20 20 20 20 20 20 20 20 20 20 20 20 54 48 41 4e 4b 20 59 4f 55 20 20 20 20 20 20 20 20 20 20 20 20 20 20 20 57 4f 52 4c 44 4c 49 4e 45 20 20 20 20 20 20 20 20 20 20 20 20 20 20 20 20 20 20 20 20 20 20 20 20 20 20 20 20 20 20 20 20 45 73 65 72 63 2e 20 20 20 20 20 20 20 20 20 20 32 39 31 32 32 39 31 32 41 2e 49 2e 49 2e 43 2e 20 20 20 20 20 38 38 31 30 35 31 30 30 30 30 34 44 61 74 61 20 30 38 
08/07/2025-12:32:52-050[0007649570]: Data Tx:06 03 7a 
08/07/2025-12:32:52-053[0007649573]: Data Rx:02 31 30 30 30 32 39 31 32 30 53 2f 30 37 2f 32 35 20 20 4f 72 61 20 31 32 3a 33 32 54 4d 4c 20 31 30 30 30 32 39 31 32 20 53 54 41 4e 20 30 30 30 30 30 34 4d 6f 64 2e 20 4f 6e 6c 69 6e 65 20 20 20 20 20 43 54 4c 53 20 49 43 43 41 55 54 2e 20 37 36 35 34 37 20 20 4f 50 45 52 2e 20 30 30 30 30 34 30 41 55 54 48 2e 52 45 53 50 2e 43 4f 44 45 20 20 20 20 20 20 20 20 30 30 50 41 4e 20 20 20 20 20 35 31 38 36 31 39 2a 2a 2a 2a 2a 2a 31 30 31 37 53 43 41 44 20 20 20 20 20 20 20 20 20 20 20 20 20 20 20 20 2a 2a 2a 2a 41 2e 49 44 20 20 20 20 20 20 41 30 30 30 30 30 30 30 30 34 31 30 31 30 41 50 50 4c 20 20 20 20 20 20 20 20 20 20 20 03 39 
08/07/2025-12:32:52-055[0007649575]: Data Rx:31 30 30 30 32 39 31 32 30 53 2f 30 37 2f 32 35 20 20 4f 72 61 20 31 32 3a 33 32 54 4d 4c 20 31 30 30 30 32 39 31 32 20 53 54 41 4e 20 30 30 30 30 30 34 4d 6f 64 2e 20 4f 6e 6c 69 6e 65 20 20 20 20 20 43 54 4c 53 20 49 43 43 41 55 54 2e 20 37 36 35 34 37 20 20 4f 50 45 52 2e 20 30 30 30 30 34 30 41 55 54 48 2e 52 45 53 50 2e 43 4f 44 45 20 20 20 20 20 20 20 20 30 30 50 41 4e 20 20 20 20 20 35 31 38 36 31 39 2a 2a 2a 2a 2a 2a 31 30 31 37 53 43 41 44 20 20 20 20 20 20 20 20 20 20 20 20 20 20 20 20 2a 2a 2a 2a 41 2e 49 44 20 20 20 20 20 20 41 30 30 30 30 30 30 30 30 34 31 30 31 30 41 50 50 4c 20 20 20 20 20 20 20 20 20 20 20 
08/07/2025-12:32:52-058[0007649577]: Data Tx:06 03 7a 
08/07/2025-12:32:52-063[0007649582]: Data Rx:02 31 30 30 30 32 39 31 32 30 53 20 4d 43 20 44 45 42 49 54 41 54 43 20 30 30 42 39 20 20 54 43 43 20 33 38 30 20 20 54 54 20 30 30 54 72 43 43 20 39 37 38 20 20 20 20 20 55 4e 20 44 32 37 43 37 33 39 41 54 56 52 20 20 20 20 20 20 20 20 20 20 20 30 30 30 30 30 30 38 30 30 31 41 52 51 43 20 20 20 20 34 46 42 30 41 35 36 36 46 35 46 42 46 45 32 46 49 41 44 20 30 31 31 30 41 30 34 32 30 33 41 34 30 30 30 30 30 30 30 30 20 20 20 20 30 30 30 30 30 30 30 30 30 30 30 33 30 30 46 46 30 30 30 30 20 20 20 20 30 30 30 30 30 30 30 33 30 30 46 46 20 20 20 20 20 20 20 20 43 56 4d 20 4e 6f 20 43 56 4d 20 20 20 20 20 20 20 20 20 20 20 20 20 03 13 
08/07/2025-12:32:52-064[0007649584]: Data Rx:31 30 30 30 32 39 31 32 30 53 20 4d 43 20 44 45 42 49 54 41 54 43 20 30 30 42 39 20 20 54 43 43 20 33 38 30 20 20 54 54 20 30 30 54 72 43 43 20 39 37 38 20 20 20 20 20 55 4e 20 44 32 37 43 37 33 39 41 54 56 52 20 20 20 20 20 20 20 20 20 20 20 30 30 30 30 30 30 38 30 30 31 41 52 51 43 20 20 20 20 34 46 42 30 41 35 36 36 46 35 46 42 46 45 32 46 49 41 44 20 30 31 31 30 41 30 34 32 30 33 41 34 30 30 30 30 30 30 30 30 20 20 20 20 30 30 30 30 30 30 30 30 30 30 30 33 30 30 46 46 30 30 30 30 20 20 20 20 30 30 30 30 30 30 30 33 30 30 46 46 20 20 20 20 20 20 20 20 43 56 4d 20 4e 6f 20 43 56 4d 20 20 20 20 20 20 20 20 20 20 20 20 20 
08/07/2025-12:32:52-066[0007649587]: Data Tx:06 03 7a 
08/07/2025-12:32:52-083[0007649604]: Data Rx:02 31 30 30 30 32 39 31 32 30 53 20 20 20 20 20 20 20 20 20 20 20 20 20 20 20 20 20 20 20 20 20 20 20 20 20 7f 49 4d 50 4f 52 54 4f 20 45 55 52 20 20 20 20 20 20 20 20 20 30 2c 30 35 20 20 20 20 20 20 20 20 20 20 20 20 20 20 20 20 20 20 20 20 20 20 20 20 20 20 54 52 41 4e 53 41 43 54 49 4f 4e 20 41 50 50 52 4f 56 45 44 20 20 20 20 20 20 20 20 20 20 20 20 20 20 20 20 20 20 20 20 20 20 20 20 20 20 20 20 41 52 52 49 56 45 44 45 52 43 49 20 45 20 47 52 41 5a 49 45 20 20 43 4f 4e 54 52 41 54 54 4f 20 23 31 32 33 34 35 20 20 20 20 20 20 20 20 7d 7d 1b 03 4b 
08/07/2025-12:32:52-085[0007649606]: Data Rx:31 30 30 30 32 39 31 32 30 53 20 20 20 20 20 20 20 20 20 20 20 20 20 20 20 20 20 20 20 20 20 20 20 20 20 7f 49 4d 50 4f 52 54 4f 20 45 55 52 20 20 20 20 20 20 20 20 20 30 2c 30 35 20 20 20 20 20 20 20 20 20 20 20 20 20 20 20 20 20 20 20 20 20 20 20 20 20 20 54 52 41 4e 53 41 43 54 49 4f 4e 20 41 50 50 52 4f 56 45 44 20 20 20 20 20 20 20 20 20 20 20 20 20 20 20 20 20 20 20 20 20 20 20 20 20 20 20 20 41 52 52 49 56 45 44 45 52 43 49 20 45 20 47 52 41 5a 49 45 20 20 43 4f 4e 54 52 41 54 54 4f 20 23 31 32 33 34 35 20 20 20 20 20 20 20 20 7d 7d 1b 
08/07/2025-12:32:52-089[0007649609]: Data Tx:06 03 7a 
08/07/2025-12:35:23-819[0007801339]: Data Tx:02 30 30 30 30 30 30 30 30 30 45 31 03 3a 
08/07/2025-12:35:24-033[0007801553]: Data Rx:06 03 7a 
08/07/2025-12:35:24-038[0007801558]: Data Tx:02 30 30 30 30 30 30 30 30 30 58 30 30 30 30 30 30 30 30 30 30 30 30 30 30 30 30 30 30 30 30 35 20 20 20 20 20 20 20 20 20 20 20 20 20 20 20 20 20 20 20 20 20 20 20 20 20 20 20 20 20 20 20 20 20 20 20 20 20 20 20 20 20 20 20 20 20 20 20 20 20 20 20 20 20 20 20 20 20 20 20 20 20 20 20 20 20 20 20 20 20 20 20 20 20 20 20 20 20 20 20 20 20 20 20 20 20 20 20 20 20 20 20 20 20 20 20 20 20 20 20 20 20 20 20 20 20 20 20 20 20 20 20 20 43 4f 4e 54 52 41 54 54 4f 20 23 31 32 33 34 35 30 30 30 30 30 30 30 30 03 5b 
08/07/2025-12:35:24-135[0007801655]: Data Rx:06 03 7a 
08/07/2025-12:35:24-456[0007801976]: Data Rx:01 4f 50 45 52 41 5a 49 4f 4e 45 20 49 4e 20 43 4f 52 53 4f 20 04 
08/07/2025-12:35:34-806[0007812326]: Data Rx:02 31 30 30 30 32 39 31 32 30 45 30 30 36 37 39 39 39 39 2a 2a 2a 2a 2a 2a 2a 2a 2a 33 32 32 34 43 4c 49 39 32 38 31 35 20 31 38 39 31 32 33 35 32 38 38 31 30 35 31 30 30 30 36 36 30 30 30 30 30 35 30 30 30 30 34 31 30 30 30 30 30 30 30 30 30 30 35 30 30 30 30 30 30 30 30 30 30 03 78 
08/07/2025-12:35:34-809[0007812329]: Data Rx:31 30 30 30 32 39 31 32 30 45 30 30 36 37 39 39 39 39 2a 2a 2a 2a 2a 2a 2a 2a 2a 33 32 32 34 43 4c 49 39 32 38 31 35 20 31 38 39 31 32 33 35 32 38 38 31 30 35 31 30 30 30 36 36 30 30 30 30 30 35 30 30 30 30 34 31 30 30 30 30 30 30 30 30 30 30 35 30 30 30 30 30 30 30 30 30 30 
08/07/2025-12:35:34-813[0007812333]: Data Tx:06 03 7a 
08/07/2025-12:35:34-833[0007812353]: Data Rx:02 31 30 30 30 32 39 31 32 30 53 20 20 20 20 20 20 20 20 4d 41 45 53 54 52 4f 20 20 20 20 20 20 20 20 20 20 20 20 20 20 20 4d 41 45 53 54 52 4f 43 48 49 50 20 20 20 20 20 20 20 7f 20 20 20 20 20 20 20 20 41 43 51 55 49 53 54 4f 20 20 20 20 20 20 20 20 20 20 20 20 20 20 20 54 48 41 4e 4b 20 59 4f 55 20 20 20 20 20 20 20 20 20 20 20 20 20 20 20 57 4f 52 4c 44 4c 49 4e 45 20 20 20 20 20 20 20 20 20 20 20 20 20 20 20 20 20 20 20 20 20 20 20 20 20 20 20 20 20 20 20 20 45 73 65 72 63 2e 20 20 20 20 20 20 20 20 20 20 32 39 31 32 32 39 31 32 41 2e 49 2e 49 2e 43 2e 20 20 20 20 20 38 38 31 30 35 31 30 30 30 36 36 44 61 74 61 20 30 38 03 6a 
08/07/2025-12:35:34-836[0007812355]: Data Rx:31 30 30 30 32 39 31 32 30 53 20 20 20 20 20 20 20 20 4d 41 45 53 54 52 4f 20 20 20 20 20 20 20 20 20 20 20 20 20 20 20 4d 41 45 53 54 52 4f 43 48 49 50 20 20 20 20 20 20 20 7f 20 20 20 20 20 20 20 20 41 43 51 55 49 53 54 4f 20 20 20 20 20 20 20 20 20 20 20 20 20 20 20 54 48 41 4e 4b 20 59 4f 55 20 20 20 20 20 20 20 20 20 20 20 20 20 20 20 57 4f 52 4c 44 4c 49 4e 45 20 20 20 20 20 20 20 20 20 20 20 20 20 20 20 20 20 20 20 20 20 20 20 20 20 20 20 20 20 20 20 20 45 73 65 72 63 2e 20 20 20 20 20 20 20 20 20 20 32 39 31 32 32 39 31 32 41 2e 49 2e 49 2e 43 2e 20 20 20 20 20 38 38 31 30 35 31 30 30 30 36 36 44 61 74 61 20 30 38 
08/07/2025-12:35:34-838[0007812358]: Data Tx:06 03 7a 
08/07/2025-12:35:34-843[0007812363]: Data Rx:02 31 30 30 30 32 39 31 32 30 53 2f 30 37 2f 32 35 20 20 4f 72 61 20 31 32 3a 33 35 54 4d 4c 20 31 30 30 30 32 39 31 32 20 53 54 41 4e 20 30 30 30 30 30 35 4d 6f 64 2e 20 4f 6e 6c 69 6e 65 20 20 20 20 20 43 54 4c 53 20 49 43 43 41 55 54 2e 20 39 32 38 31 35 20 20 4f 50 45 52 2e 20 30 30 30 30 34 31 41 55 54 48 2e 52 45 53 50 2e 43 4f 44 45 20 20 20 20 20 20 20 20 30 30 50 41 4e 20 20 36 37 39 39 39 39 2a 2a 2a 2a 2a 2a 2a 2a 2a 33 32 32 34 53 43 41 44 20 20 20 20 20 20 20 20 20 20 20 20 20 20 20 20 2a 2a 2a 2a 41 2e 49 44 20 20 20 20 20 20 41 30 30 30 30 30 30 30 30 34 33 30 36 30 41 50 50 4c 20 20 20 20 20 20 20 20 20 20 20 03 32 
08/07/2025-12:35:34-845[0007812365]: Data Rx:31 30 30 30 32 39 31 32 30 53 2f 30 37 2f 32 35 20 20 4f 72 61 20 31 32 3a 33 35 54 4d 4c 20 31 30 30 30 32 39 31 32 20 53 54 41 4e 20 30 30 30 30 30 35 4d 6f 64 2e 20 4f 6e 6c 69 6e 65 20 20 20 20 20 43 54 4c 53 20 49 43 43 41 55 54 2e 20 39 32 38 31 35 20 20 4f 50 45 52 2e 20 30 30 30 30 34 31 41 55 54 48 2e 52 45 53 50 2e 43 4f 44 45 20 20 20 20 20 20 20 20 30 30 50 41 4e 20 20 36 37 39 39 39 39 2a 2a 2a 2a 2a 2a 2a 2a 2a 33 32 32 34 53 43 41 44 20 20 20 20 20 20 20 20 20 20 20 20 20 20 20 20 2a 2a 2a 2a 41 2e 49 44 20 20 20 20 20 20 41 30 30 30 30 30 30 30 30 34 33 30 36 30 41 50 50 4c 20 20 20 20 20 20 20 20 20 20 20 
08/07/2025-12:35:34-848[0007812368]: Data Tx:06 03 7a 
08/07/2025-12:35:34-856[0007812376]: Data Rx:02 31 30 30 30 32 39 31 32 30 53 20 20 4d 41 45 53 54 52 4f 41 54 43 20 30 32 30 30 20 20 54 43 43 20 33 38 30 20 20 54 54 20 30 30 54 72 43 43 20 39 37 38 20 20 20 20 20 55 4e 20 46 46 39 46 39 30 45 46 54 56 52 20 20 20 20 20 20 20 20 20 20 20 30 30 30 30 30 30 38 30 30 31 41 52 51 43 20 20 20 20 30 43 35 46 35 41 33 44 38 42 37 31 46 45 41 35 49 41 44 20 30 31 31 30 41 30 34 30 30 33 32 34 30 30 30 30 30 30 30 30 20 20 20 20 30 30 30 30 30 30 30 35 32 39 31 32 30 31 46 46 20 20 20 20 43 56 4d 20 4e 6f 20 43 56 4d 20 20 20 20 20 20 20 20 20 20 20 20 20 20 20 20 20 20 20 20 20 20 20 20 20 20 20 20 20 20 20 20 20 20 20 20 20 03 63 
08/07/2025-12:35:34-857[0007812377]: Data Rx:31 30 30 30 32 39 31 32 30 53 20 20 4d 41 45 53 54 52 4f 41 54 43 20 30 32 30 30 20 20 54 43 43 20 33 38 30 20 20 54 54 20 30 30 54 72 43 43 20 39 37 38 20 20 20 20 20 55 4e 20 46 46 39 46 39 30 45 46 54 56 52 20 20 20 20 20 20 20 20 20 20 20 30 30 30 30 30 30 38 30 30 31 41 52 51 43 20 20 20 20 30 43 35 46 35 41 33 44 38 42 37 31 46 45 41 35 49 41 44 20 30 31 31 30 41 30 34 30 30 33 32 34 30 30 30 30 30 30 30 30 20 20 20 20 30 30 30 30 30 30 30 35 32 39 31 32 30 31 46 46 20 20 20 20 43 56 4d 20 4e 6f 20 43 56 4d 20 20 20 20 20 20 20 20 20 20 20 20 20 20 20 20 20 20 20 20 20 20 20 20 20 20 20 20 20 20 20 20 20 20 20 20 20 
08/07/2025-12:35:34-860[0007812379]: Data Tx:06 03 7a 
08/07/2025-12:35:34-923[0007812443]: Data Rx:02 31 30 30 30 32 39 31 32 30 53 20 7f 49 4d 50 4f 52 54 4f 20 45 55 52 20 20 20 20 20 20 20 20 20 30 2c 30 35 20 20 20 20 20 20 20 20 20 20 20 20 20 20 20 20 20 20 20 20 20 20 20 20 20 20 54 52 41 4e 53 41 43 54 49 4f 4e 20 41 50 50 52 4f 56 45 44 20 20 20 20 20 20 20 20 20 20 20 20 20 20 20 20 20 20 20 20 20 20 20 20 20 20 20 20 41 52 52 49 56 45 44 45 52 43 49 20 45 20 47 52 41 5a 49 45 20 20 43 4f 4e 54 52 41 54 54 4f 20 23 31 32 33 34 35 20 20 20 20 20 20 20 20 7d 7d 1b 03 4b 
08/07/2025-12:35:34-926[0007812446]: Data Rx:31 30 30 30 32 39 31 32 30 53 20 7f 49 4d 50 4f 52 54 4f 20 45 55 52 20 20 20 20 20 20 20 20 20 30 2c 30 35 20 20 20 20 20 20 20 20 20 20 20 20 20 20 20 20 20 20 20 20 20 20 20 20 20 20 54 52 41 4e 53 41 43 54 49 4f 4e 20 41 50 50 52 4f 56 45 44 20 20 20 20 20 20 20 20 20 20 20 20 20 20 20 20 20 20 20 20 20 20 20 20 20 20 20 20 41 52 52 49 56 45 44 45 52 43 49 20 45 20 47 52 41 5a 49 45 20 20 43 4f 4e 54 52 41 54 54 4f 20 23 31 32 33 34 35 20 20 20 20 20 20 20 20 7d 7d 1b 
08/07/2025-12:35:34-929[0007812449]: Data Tx:06 03 7a 
